1771975716573 0.0 49
1771975716904 0.0 73
1771975717125 1.0 99
1771975717634 1.0 147
1771975717659 2.0 149
1771975717941 2.0 199
1771975718265 2.0 221
1771975718429 3.0 249
1771975718922 3.0 295
1771975719036 4.0 299
1771975719337 4.0 349
1771975719623 4.0 369
1771975719785 5.0 399
1771975720269 5.0 443
1771975720399 6.0 449
1771975720731 6.0 499
1771975721021 6.0 517
1771975721230 7.0 549
1771975721668 7.0 591
1771975721720 8.0 599
1771975722060 8.0 649
1771975722339 8.0 665
1771975722542 9.0 699
1771975722944 9.0 739
